00100000000001000000000000000111
00001100000000000000000000000011
00001000000000000000000000010111
00100011101111011111111111110100
10101111101100000000000000000000
10101111101100010000000000000100
10101111101111110000000000001000
00101000100010000000000000000010
00010001000000000000000000000010
00000000000001000001000000100000
00001000000000000000000000010010
00100000100100000000000000000000
00100000100001001111111111111111
00001100000000000000000000000011
00100000010100010000000000000000
00100010000001001111111111111110
00001100000000000000000000000011
00000010001000100001000000100000
10001111101100000000000000000000
10001111101100010000000000000100
10001111101111110000000000001000
00100011101111010000000000001100
00000011111000000000000000001000
